# outside  : 0 Gauss
#  I        B_up    B_down
1  0.00     300     310
2  0.10     520     580
2  0.20     760     840
3  0.30     980     1140
4  0.40     1230    1420
5  0.50     1480    1680
6  0.60     1750    1960
7  0.70     2000    2210
8  0.80     2260    2500
9  0.90     2530    2780
10 1.00     2800    3020
11 1.10     3060    3320
12 1.20     3340    3570
13 1.30     3600    3850
14 1.40     3880    4130
15 1.50     4160    4370
16 1.60     4430    4640
17 1.70     4670    4880
18 1.80     4940    5130
19 1.90     5200    5370
20 2.00     5470    5600
21 2.10     5730    5820
22 2.20     5960    6030
23 2.30     6220    6230
